1071754019
1071754180
1071754151
1071754251
375118964
428410138
1071754109
1071754436
1071754407
1071754470
1071754507
1071754305
1071754276
1071754214
1071846315
1071846331
1071846327
428403372
1071846295
1071846247
428403374
428403369
428403352
1071846212
1071846229
428403351
1071845928
428403350
428403354
1071845882
1071845897
1071845849
1071845863
1071845814
1071845832
1071846073
428408668
226863110
1071846041
1071845991
1071846005
1071845955
1071845973
375114290
1071790317
1071790267
428389806
428389804
428389809
1071707154
1071707171
1071707121
1071707139
1071707092
226736042
1071703625
375160804
1071703593
1071703610
226992808
428402118
1071703530
1071832389
1071832393
1071832374
1071832355
1071832339
1071832301
1071832566
428390707
428390709
428390705
1071790283
1071790234
428399467
1071790221
428399465
428399463
428399462
428399461
428399460
428399459
428399458
1071790380
428399457
1071790344
1071790031
1071790047
1071789997
1071790012
1071789967
226954600
226926091
226926090
227035662
1071790175