1071754891
1071754134
1071754197
1071754002
428397715
1071754066
374986318
1071754391
1071754420
1071754453
1071754491
1071754259
1071754235
1071754164
1071891776
1071891750
1071891804
428399187
374928642
374928641
428403373
1071860537
428403366
1071860295
428403367
374951799
428403349
428403357
428403353
1071860329
1071863482
374951810
1071863801
1071863833
1071863817
428403355
428403356
1071863848
1071863900
1071863882
1071863659
1071863641
1071863692
1071863723
1071863705
374951704
428389807
428389805
428389808
1071723768
1071723815
1071723800
1071723854
1071723838
226944388
1071723605
226255131
1071723637
1071723686
1071723676
428408667
374870394
1071723711
226910815
1071727490
1071727508
1071727524
1071727542
1071727530
428390706
428390708
428390704
428397748
1071729359
428397749
428397750
428397751
428397752
428397753
428397754
1071729193
1071729215
1071729231
1071729246
1071729262
374875849
1071729277
1071729559
1071729575
1071729591
1071729581
1071729597
1071729614
1071729630
1071729645
1071729662
374870394